Filetype: Flipper SubGhz Key File
Version: 1
Frequency: 433920000
Preset: FuriHalSubGhzPresetOok270Async
Lat: 0.000000
Lon: 0.000000
Protocol: Bresser-3CH
Id: 147
Bit: 40
Data: 00 00 00 93 15 28 4B 1B
Batt: 0
Hum: 75
Ts: 1733258949
Ch: 1
Btn: 0
Temp: 5.555556
