Filetype: Flipper SubGhz Key File
Version: 1
Frequency: 433920000
Preset: FuriHalSubGhzPresetOok270Async
Lat: 0.000000
Lon: 0.000000
Protocol: Nexus-TH
Id: 178
Bit: 36
Data: 00 00 00 0B 28 04 FF 44
Batt: 0
Hum: 68
Ts: 1733258665
Ch: 1
Btn: 255
Temp: 7.900000
